## Start parameters for the fit of data.dat

a_exp0_2        = 3.64141  
c_exp0_2        = 0.0891412
d_exp0_2        = 0.0267524
e_exp0_2        = 1.07681  
