## Start parameters for the fit of data.dat

a_exp0_1        = 13.9584    
c_exp0_1        = 8.18273e-05
d_exp0_1        = 0.0854295  
e_exp0_1        = 0.211339   
