## Start parameters for the fit of data.dat

A4              = -579.707   
B4              = 13.452     
G4              = 0.00339898 
H4              = 8.1879e-07 
J4              = 1.75187e-07
C4              = 0.00209614 
D4              = 0.0646997  
E4              = 0.10065    
