## Start parameters for the fit of data.dat

a1              = -13.9383   
b1              = -0.00154654
c1              = 0.154233   
d1              = 0.0139776  
e1              = 3.25896    
