## Start parameters for the fit of data.dat

a2 = 14.2579      
b2 = -0.000468215 
g2 = -2.50243e-05 
c2 = 0.00818427   
d2 = 0.0431935    
e2 = 0.11317      
