## Start parameters for the fit of data.dat

a_exp0_2        = -2.52627 
c_exp0_2        = 0.116261 
d_exp0_2        = 0.0217884
e_exp0_2        = 1.88458  
