## Start parameters for the fit of data.dat

A2              = -534.27   
B2              = 12.1658   
G2              = 0.0134155 
C2              = 0.00536654
D2              = 0.0604378 
E2              = 0.102346  
