## Start parameters for the fit of data.dat

a4              = 13.1122     
b4              = -0.000114866
g4              = 0.000101483 
h4              = 1.05793e-08 
j4              = -2.39586e-08
c4              = 0.0660112   
d4              = 0.0333029   
e4              = 0.506433    
