## Start parameters for the fit of data.dat

A1              = -643.728 
B1              = 14.5968  
C1              = 0.04399  
D1              = 0.0504696
E1              = 0.0951626
