## Start parameters for the fit of data.dat

A3              = -535.175   
B3              = 12.1911    
G3              = 0.0131937  
H3              = 6.07255e-07
C3              = 0.00538134 
D3              = 0.0604181  
E3              = 0.1032     
