## Start parameters for the fit of data.dat

a_full          = 13.065    
c_full          = 0.0341907 
d_full          = 0.0336427 
e_full          = 0.356384  
