## Start parameters for the fit of data.dat

a0              = 14.0331   
c0              = 0.00665846
d0              = 0.044176  
e0              = 0.110053  
