## Start parameters for the fit of data.dat

A3              = -522.296   
B3              = 11.8767    
G3              = 0.0151061  
H3              = 6.00153e-07
C3              = 0.00244915 
D3              = 0.0645393  
E3              = 0.0883321  
