## Start parameters for the fit of data.dat

A1              = -643.722 
B1              = 14.5968  
C1              = 0.043936 
D1              = 0.0504697
E1              = 0.0951515
