## Start parameters for the fit of data.dat

A0              = -1019.39  
C0              = 1.42769   
D0              = 0.00757612
E0              = 6.39995   
