## Start parameters for the fit of data.dat

a_exp0_1        = 11.8852   
c_exp0_1        = 0.108536  
d_exp0_1        = 0.0176839 
e_exp0_1        = 1.6094    
