## Start parameters for the fit of data.dat

a = -647.429  
b = 14.6455   
c = 0.0355696 
d = 0.0516023 
e = 0.0929133 
