## Start parameters for the fit of data.dat

a1 = 14.0894      
b1 = -0.000470368 
c1 = 0.00658619   
d1 = 0.044244     
e1 = 0.10992      
