## Start parameters for the fit of data.dat

A0 = -784.581
C0 = 1.41012
D0 = 0.0089059
E0 = 6.12586
