## Start parameters for the fit of data.dat

a_begin         = 13.9573   
c_begin         = 8.1733e-05
d_begin         = 0.0854495 
e_begin         = 0.211288  
