## Start parameters for the fit of data.dat

a0              = -13.9898 
c0              = 0.155109 
d0              = 0.0140095
e0              = 3.24298  
