## Start parameters for the fit of data.dat

a3              = -11.1796   
b3              = -0.00014738
g3              = 0.000370365
h3              = 2.10074e-08
c3              = 0.163359   
d3              = 0.0161209  
e3              = 2.45234    
