## Start parameters for the fit of data.dat

A4              = -557.459   
B4              = 12.8936    
G4              = 0.00702683 
H4              = 8.21981e-07
J4              = 1.48754e-07
C4              = 0.000884755
D4              = 0.0693192  
E4              = 0.084318   
