## Start parameters for the fit of data.dat

A2              = -522.987   
B2              = 11.8851    
G2              = 0.0151536  
C2              = 0.00252097 
D2              = 0.0643995  
E2              = 0.0885528  
