## Start parameters for the fit of data.dat

a3 = 14.2743     
b3 = -0.000467814
g3 = -2.86297e-05
h3 = 9.9757e-09  
c3 = 0.00835264  
d3 = 0.0430899   
e3 = 0.113549    
