## Start parameters for the fit of data.dat

a = 14.0894      
b = -0.000470368 
c = 0.00658619   
d = 0.044244     
e = 0.10992      
