## Start parameters for the fit of data.dat

a4              = 0.289872    
b4              = -0.000114869
g4              = 0.000125062 
h4              = 1.0641e-08  
j4              = 2.71355e-08 
c4              = 0.104698    
d4              = 0.0136826   
e4              = 0.678839    
