## Start parameters for the fit of data.dat

a2              = -11.438     
b2              = -0.000117978
g2              = 0.000296929 
c2              = 0.165234    
d2              = 0.0157143   
e2              = 2.59065     
