## Start parameters for the fit of data.dat

A1 = -647.429  
B1 = 14.6455   
C1 = 0.0355696 
D1 = 0.0516023 
E1 = 0.0929133 
